5000   5.205702e-64
6000   2.252618e-38
7000   4.252261e-24
8000   2.391205e-15
9000   7.180022e-41
10000  3.175644e-30
11000  1.234533e-22
12000  6.645756e-17
13000  2.380492e-12
14000  5.422379e-9
15000  2.237617e-6
16000  0.0002544
17000  0.0103342
18000  0.2047718
19000  2.338048
20000  17.24973
21000  89.07821
22000  361.031
23000  1152.526
24000  3130.104
25000  7228.483
26000  14863.37
27000  27106.91
28000  47304.85
29000  73573.52
30000  109465.5
31000  153771.5
32000  207219.4
33000  268607.7
34000  338522.2
35000  412939
36000  491081.8
37000  571359.3
38000  654053.6
39000  733402.9
40000  812633.7
41000  886858
42000  959617.5
43000  1.025967e+6
44000  1.088259e+6
45000  1.140588e+6
46000  1.191035e+6
47000  1.233758e+6
48000  1.271785e+6
49000  1.301926e+6
50000  1.326401e+6
51000  1.346151e+6
52000  1.355527e+6
53000  1.364569e+6
54000  1.367646e+6
55000  1.370543e+6
56000  1.362799e+6
57000  1.353620e+6
58000  2.529144e+6
59000  3.436454e+6
60000  1.309579e+6
61000  1.288725e+6
62000  1.263114e+6
63000  1.236511e+6
64000  1.210352e+6
65000  1.179139e+6
66000  1.147371e+6
67000  1.929327e+6
68000  1.079265e+6
69000  1.265274e+6
70000  912347.3
71000  880878.8
72000  851164.9
73000  820368.1
74000  788240.7
75000  754344.2
76000  719682.8
77000  683616.6
78000  646852.5
79000  608968.4
80000  569692.6
81000  529789.6
82000  488157
83000  446230.2
84000  401306.1
85000  354829.8
86000  304253.5
87000  253740.2
88000  203080
89000  106438.3
90000  -1